440 540
70 3
0
1
1
1 1540 330
1 1610 330
1 1680 330
1 1750 330
1 1820 330
1 1540 380
1 1610 380
1 1680 380
1 1750 380
1 1820 380
1 1540 430
1 1610 430
1 1680 430
1 1750 430
1 1820 430
0 1540 460
0 1610 480
1 1680 480
0 1750 480
1 1820 480
0 1540 490
1 1610 530
1 1680 530
1 1750 530
1 1820 530
1 1540 580
0 1610 480
0 1680 500
0 1750 520
1 1820 580
1 1540 630
1 1610 630
1 1680 630
1 1750 630
1 1820 630
1 1540 680
1 1610 680
1 1680 680
1 1750 680
1 1820 680
1 1540 730
1 1610 730
1 1680 730
1 1750 730
1 1820 730
1 1540 780
1 1610 780
1 1680 780
1 1750 780
1 1820 780
200 80 4 1
200 305 5 1
200 530 5 1
200 755 5 1
1 1325 555
0 1700 525
0 1760 525
0 1550 495
0 1760 495
0 1550 465
0 1610 495
1 1565 495
1 1475 525
1 1415 555
1 1560 545
1 260 245
1 350 385
1 680 465
1 760 585
1 980 635
1 850 455
1 1070 675
1 1300 515
1 1610 655
